Id	Hour	Min	Month	Date	Weekday
0	21	46	6	23	4
1	21	54	6	23	4
2	21	54	6	23	4
3	21	54	6	23	4
4	21	57	6	23	4
5	21	57	6	23	4
6	21	57	6	23	4
7	22	3	6	23	4
8	22	3	6	23	4
9	22	4	6	23	4
10	22	4	6	23	4
11	23	28	6	23	4
12	23	28	6	23	4
13	11	48	6	24	5
14	11	48	6	24	5
15	11	48	6	24	5
16	11	48	6	24	5
17	11	48	6	24	5
18	11	48	6	24	5
19	11	48	6	24	5
20	11	49	6	24	5
21	11	49	6	24	5
22	12	3	6	24	5
23	12	3	6	24	5
24	12	3	6	24	5
25	12	3	6	24	5
26	12	3	6	24	5
27	12	5	6	24	5
28	12	5	6	24	5
29	13	20	6	24	5
30	13	20	6	24	5
31	13	20	6	24	5
32	13	20	6	24	5
33	13	46	6	24	5
34	13	46	6	24	5
35	13	46	6	24	5
36	13	46	6	24	5
37	14	10	6	24	5
38	14	12	6	24	5
39	18	18	6	24	5
40	18	18	6	24	5
41	18	18	6	24	5
42	18	18	6	24	5
43	18	18	6	24	5
44	18	26	6	24	5
45	18	26	6	24	5
46	18	26	6	24	5
47	13	42	6	25	6
48	13	42	6	25	6
49	13	42	6	25	6
50	13	42	6	25	6
51	13	42	6	25	6
52	13	44	6	25	6
53	13	44	6	25	6
54	13	44	6	25	6
55	13	44	6	25	6
56	13	44	6	25	6
57	13	46	6	25	6
58	13	46	6	25	6
59	13	46	6	25	6
60	13	46	6	25	6
61	13	46	6	25	6
62	16	0	6	25	6
63	16	0	6	25	6
64	16	1	6	25	6
65	16	1	6	25	6
66	16	1	6	25	6
67	16	45	6	25	6
68	16	45	6	25	6
69	16	45	6	25	6
70	16	45	6	25	6
71	16	45	6	25	6
72	16	58	6	25	6
73	16	58	6	25	6
74	16	58	6	25	6
75	16	58	6	25	6
76	16	58	6	25	6
77	17	13	6	25	6
78	17	13	6	25	6
79	17	13	6	25	6
80	17	13	6	25	6
81	17	13	6	25	6
82	20	39	6	25	6
83	21	14	6	25	6
84	21	14	6	25	6
85	21	14	6	25	6
86	21	14	6	25	6
87	21	14	6	25	6
88	21	22	6	25	6
89	21	22	6	25	6
90	21	22	6	25	6
91	21	22	6	25	6
92	21	22	6	25	6
93	22	2	6	25	6
94	22	2	6	25	6
95	22	2	6	25	6
96	22	2	6	25	6
97	23	54	6	25	6
98	23	54	6	25	6
99	23	54	6	25	6
100	23	54	6	25	6
101	23	54	6	25	6
102	23	54	6	25	6
103	23	54	6	25	6
104	0	6	6	26	7
105	0	6	6	26	7
106	1	7	6	26	7
107	1	8	6	26	7
108	1	8	6	26	7
109	1	8	6	26	7
110	1	8	6	26	7
111	1	8	6	26	7
112	10	9	6	26	7
113	10	9	6	26	7
114	10	9	6	26	7
115	10	9	6	26	7
116	10	9	6	26	7
117	10	12	6	26	7
118	10	12	6	26	7
119	10	12	6	26	7
120	10	12	6	26	7
121	10	12	6	26	7
122	10	12	6	26	7
123	13	34	6	26	7
124	13	34	6	26	7
125	13	34	6	26	7
126	13	34	6	26	7
127	13	34	6	26	7
128	13	34	6	26	7
129	13	34	6	26	7
130	13	44	6	26	7
131	13	44	6	26	7
132	13	44	6	26	7
133	14	15	6	26	7
134	14	15	6	26	7
135	14	15	6	26	7
136	14	15	6	26	7
137	14	15	6	26	7
138	14	15	6	26	7
139	20	23	6	26	7
140	20	23	6	26	7
141	20	23	6	26	7
142	20	23	6	26	7
143	20	23	6	26	7
144	20	23	6	26	7
145	20	23	6	26	7
146	20	25	6	26	7
147	20	25	6	26	7
148	20	25	6	26	7
149	22	5	6	26	7
150	22	5	6	26	7
151	22	5	6	26	7
152	22	5	6	26	7
153	22	6	6	26	7
154	14	3	6	27	1
155	14	3	6	27	1
156	14	3	6	27	1
157	14	3	6	27	1
158	14	3	6	27	1
159	14	14	6	27	1
160	14	14	6	27	1
161	14	14	6	27	1
162	14	14	6	27	1
163	14	14	6	27	1
164	14	14	6	27	1
165	15	34	6	27	1
166	15	35	6	27	1
167	15	35	6	27	1
168	15	35	6	27	1
169	15	35	6	27	1
170	15	35	6	27	1
171	15	35	6	27	1
172	15	39	6	27	1
173	15	39	6	27	1
174	15	39	6	27	1
175	15	42	6	27	1
176	15	42	6	27	1
177	15	42	6	27	1
178	15	48	6	27	1
179	15	48	6	27	1
180	16	16	6	27	1
181	16	16	6	27	1
182	16	16	6	27	1
183	16	16	6	27	1
184	16	16	6	27	1
185	16	16	6	27	1
186	16	20	6	27	1
187	16	20	6	27	1
188	17	22	6	27	1
189	17	22	6	27	1
190	17	22	6	27	1
191	17	22	6	27	1
192	17	22	6	27	1
193	18	38	6	27	1
194	18	38	6	27	1
195	18	38	6	27	1
196	18	38	6	27	1
197	18	38	6	27	1
198	18	38	6	27	1
199	19	16	6	27	1
200	19	16	6	27	1
201	19	16	6	27	1
202	19	16	6	27	1
203	19	16	6	27	1
204	19	16	6	27	1
205	11	23	6	28	2
206	11	23	6	28	2
207	11	23	6	28	2
208	11	23	6	28	2
209	11	23	6	28	2
210	11	23	6	28	2
211	11	23	6	28	2
212	12	41	6	28	2
213	12	41	6	28	2
214	12	41	6	28	2
215	12	41	6	28	2
216	12	41	6	28	2
217	12	41	6	28	2
218	12	41	6	28	2
219	13	50	6	28	2
220	13	50	6	28	2
221	13	50	6	28	2
222	13	50	6	28	2
223	13	50	6	28	2
224	14	19	6	28	2
225	14	19	6	28	2
226	14	20	6	28	2
227	14	20	6	28	2
228	14	20	6	28	2
229	14	56	6	28	2
230	14	56	6	28	2
231	14	56	6	28	2
232	14	56	6	28	2
233	14	56	6	28	2
234	17	13	6	28	2
235	17	13	6	28	2
236	17	13	6	28	2
237	17	13	6	28	2
238	17	13	6	28	2
239	17	13	6	28	2
240	21	40	6	28	2
241	21	40	6	28	2
242	21	40	6	28	2
243	21	40	6	28	2
244	21	40	6	28	2
245	21	40	6	28	2
246	22	51	6	28	2
247	22	51	6	28	2
248	22	51	6	28	2
249	22	51	6	28	2
250	22	51	6	28	2
251	22	51	6	28	2
252	22	51	6	28	2
253	22	51	6	28	2
254	22	59	6	28	2
255	22	59	6	28	2
256	15	49	7	9	6
257	15	54	7	9	6
258	15	54	7	9	6
259	15	54	7	9	6
260	16	20	7	9	6
261	16	20	7	9	6
262	16	20	7	9	6
263	16	20	7	9	6
264	16	20	7	9	6
265	16	20	7	9	6
266	16	20	7	9	6
267	16	26	7	9	6
268	16	26	7	9	6
269	16	26	7	9	6
270	16	26	7	9	6
271	16	26	7	9	6
272	16	26	7	9	6
273	14	39	7	10	7
274	14	40	7	10	7
275	14	40	7	10	7
276	14	40	7	10	7
277	14	40	7	10	7
278	14	49	7	10	7
279	14	49	7	10	7
280	14	49	7	10	7
281	14	49	7	10	7
282	19	7	7	10	7
283	19	7	7	10	7
284	19	7	7	10	7
285	19	7	7	10	7
286	19	7	7	10	7
287	19	7	7	10	7
288	20	0	7	10	7
289	20	0	7	10	7
290	20	0	7	10	7
291	20	0	7	10	7
292	20	0	7	10	7
293	21	9	7	10	7
294	21	9	7	10	7
295	21	9	7	10	7
296	21	9	7	10	7
297	21	9	7	10	7
298	21	38	7	10	7
299	21	39	7	10	7
300	21	39	7	10	7
301	21	39	7	10	7
302	21	39	7	10	7
303	14	0	7	11	1
304	14	0	7	11	1
305	14	0	7	11	1
306	14	0	7	11	1
307	14	0	7	11	1
308	14	0	7	11	1
309	14	49	7	11	1
310	14	49	7	11	1
311	14	49	7	11	1
312	14	49	7	11	1
313	14	49	7	11	1
314	14	49	7	11	1
315	15	18	7	11	1
316	15	18	7	11	1
317	15	18	7	11	1
318	15	18	7	11	1
319	15	18	7	11	1
320	15	18	7	11	1
321	15	37	7	11	1
322	15	37	7	11	1
323	15	37	7	11	1
324	15	37	7	11	1
325	15	37	7	11	1
326	15	37	7	11	1
327	15	47	7	11	1
328	15	47	7	11	1
329	15	47	7	11	1
330	16	7	7	11	1
331	16	7	7	11	1
332	16	7	7	11	1
333	16	7	7	11	1
334	16	7	7	11	1
335	16	7	7	11	1
336	17	31	7	11	1
337	17	31	7	11	1
338	17	31	7	11	1
339	17	32	7	11	1
340	17	32	7	11	1
341	18	35	7	11	1
342	18	35	7	11	1
343	18	35	7	11	1
344	18	35	7	11	1
345	18	35	7	11	1
346	18	35	7	11	1
347	19	18	7	11	1
348	19	18	7	11	1
349	19	18	7	11	1
350	19	18	7	11	1
351	19	18	7	11	1
352	19	18	7	11	1
353	10	36	7	12	2
354	10	36	7	12	2
355	10	36	7	12	2
356	10	36	7	12	2
357	10	36	7	12	2
358	10	36	7	12	2
359	10	37	7	12	2
360	10	37	7	12	2
361	10	37	7	12	2
362	10	37	7	12	2
363	10	37	7	12	2
364	10	41	7	12	2
365	10	41	7	12	2
366	10	41	7	12	2
367	11	17	7	12	2
368	11	17	7	12	2
369	11	17	7	12	2
370	11	17	7	12	2
371	11	17	7	12	2
372	12	54	7	12	2
373	12	54	7	12	2
374	12	54	7	12	2
375	12	54	7	12	2
376	12	54	7	12	2
377	12	54	7	12	2
378	13	18	7	12	2
379	13	18	7	12	2
380	13	18	7	12	2
381	13	18	7	12	2
382	13	18	7	12	2
383	14	38	7	12	2
384	14	38	7	12	2
385	14	38	7	12	2
386	14	38	7	12	2
387	14	38	7	12	2
388	14	55	7	12	2
389	14	55	7	12	2
390	14	55	7	12	2
391	14	55	7	12	2
392	14	55	7	12	2
393	16	32	7	12	2
394	16	33	7	12	2
395	16	33	7	12	2
396	16	33	7	12	2
397	16	33	7	12	2
398	16	33	7	12	2
399	16	33	7	12	2
400	16	33	7	12	2
401	18	12	7	12	2
402	18	12	7	12	2
403	18	12	7	12	2
404	18	12	7	12	2
405	18	12	7	12	2
406	18	12	7	12	2
407	18	12	7	12	2
408	1	15	7	13	3
409	11	57	7	13	3
410	11	57	7	13	3
411	11	57	7	13	3
412	11	57	7	13	3
413	11	57	7	13	3
414	11	57	7	13	3
415	11	58	7	13	3
416	11	59	7	13	3
417	11	59	7	13	3
418	11	59	7	13	3
419	12	0	7	13	3
420	12	0	7	13	3
421	12	1	7	13	3
422	12	1	7	13	3
423	12	1	7	13	3
424	12	3	7	13	3
425	12	3	7	13	3
426	12	3	7	13	3
427	16	24	7	13	3
428	16	24	7	13	3
429	16	24	7	13	3
430	16	24	7	13	3
431	16	24	7	13	3
432	16	24	7	13	3
433	16	58	7	13	3
434	16	58	7	13	3
435	16	58	7	13	3
436	16	58	7	13	3
437	16	58	7	13	3
438	16	58	7	13	3
439	17	46	7	13	3
440	17	46	7	13	3
441	17	46	7	13	3
442	17	46	7	13	3
443	17	46	7	13	3
444	17	46	7	13	3
445	17	46	7	13	3
446	20	53	7	13	3
447	21	57	7	13	3
448	21	57	7	13	3
449	21	57	7	13	3
450	21	57	7	13	3
451	21	57	7	13	3
452	21	57	7	13	3
453	8	0	7	14	4
454	8	0	7	14	4
455	8	0	7	14	4
456	8	0	7	14	4
457	8	0	7	14	4
458	8	0	7	14	4
459	8	9	7	14	4
460	8	9	7	14	4
461	8	9	7	14	4
462	8	9	7	14	4
463	8	10	7	14	4
464	8	10	7	14	4
465	9	35	7	14	4
466	9	35	7	14	4
467	9	35	7	14	4
468	9	35	7	14	4
469	9	35	7	14	4
470	9	35	7	14	4
471	10	6	7	14	4
472	10	6	7	14	4
473	10	6	7	14	4
474	10	6	7	14	4
475	10	6	7	14	4
476	11	12	7	14	4
477	11	12	7	14	4
478	11	12	7	14	4
479	11	12	7	14	4
480	11	12	7	14	4
481	16	15	7	14	4
482	16	15	7	14	4
483	16	15	7	14	4
484	16	15	7	14	4
485	16	15	7	14	4
486	16	15	7	14	4
487	16	15	7	14	4
488	16	15	7	14	4
489	16	41	7	14	4
490	16	41	7	14	4
491	16	41	7	14	4
492	16	41	7	14	4
493	16	41	7	14	4
494	18	11	7	14	4
495	18	11	7	14	4
496	18	11	7	14	4
497	18	11	7	14	4
498	18	11	7	14	4
499	22	50	7	14	4
500	22	50	7	14	4
501	22	51	7	14	4
502	22	51	7	14	4
503	11	40	7	15	5
504	11	40	7	15	5
505	11	40	7	15	5
506	11	40	7	15	5
507	11	40	7	15	5
508	11	40	7	15	5
509	13	15	7	15	5
510	13	15	7	15	5
511	13	16	7	15	5
512	13	16	7	15	5
513	13	16	7	15	5
514	13	16	7	15	5
515	13	16	7	15	5
516	13	16	7	15	5
517	13	16	7	15	5
518	13	16	7	15	5
519	13	16	7	15	5
520	20	5	7	16	6
521	20	5	7	16	6
522	20	5	7	16	6
523	20	5	7	16	6
524	20	5	7	16	6
525	15	10	7	17	7
526	19	9	7	17	7
527	19	26	7	17	7
528	19	26	7	17	7
529	19	26	7	17	7
530	19	26	7	17	7
531	19	26	7	17	7
532	19	54	7	17	7
533	19	54	7	17	7
534	19	55	7	17	7
535	19	55	7	17	7
536	20	11	7	17	7
537	20	11	7	17	7
538	20	12	7	17	7
539	20	12	7	17	7
540	20	12	7	17	7
541	14	43	7	18	1
542	14	43	7	18	1
543	14	43	7	18	1
544	14	43	7	18	1
545	14	43	7	18	1
546	17	46	7	18	1
547	17	46	7	18	1
548	17	46	7	18	1
549	17	46	7	18	1
550	17	47	7	18	1
551	15	42	7	21	4
552	15	42	7	21	4
553	15	42	7	21	4
554	15	42	7	21	4
555	15	43	7	21	4
556	16	53	7	21	4
557	16	53	7	21	4
558	16	53	7	21	4
559	16	53	7	21	4
560	16	53	7	21	4
561	16	53	7	21	4
562	9	10	7	22	5
563	9	10	7	22	5
564	9	10	7	22	5
565	9	10	7	22	5
566	9	10	7	22	5
567	9	10	7	22	5
568	9	26	7	22	5
569	9	27	7	22	5
570	9	27	7	22	5
571	9	27	7	22	5
572	9	27	7	22	5
573	9	27	7	22	5
574	9	30	7	22	5
575	9	30	7	22	5
576	9	30	7	22	5
577	9	30	7	22	5
578	9	30	7	22	5
579	11	25	7	22	5
580	11	25	7	22	5
581	11	25	7	22	5
582	11	25	7	22	5
583	11	25	7	22	5
584	11	25	7	22	5
585	11	36	7	22	5
586	11	36	7	22	5
587	11	36	7	22	5
588	11	36	7	22	5
589	11	36	7	22	5
590	11	39	7	22	5
591	11	39	7	22	5
592	11	39	7	22	5
593	11	39	7	22	5
594	11	39	7	22	5
595	11	39	7	22	5
596	13	33	7	22	5
597	13	33	7	22	5
598	13	33	7	22	5
599	13	34	7	22	5
600	13	34	7	22	5
601	13	34	7	22	5
602	13	34	7	22	5
603	14	3	7	22	5
604	14	3	7	22	5
605	14	3	7	22	5
606	14	3	7	22	5
607	14	3	7	22	5
608	14	7	7	22	5
609	14	7	7	22	5
610	14	7	7	22	5
611	14	7	7	22	5
612	14	7	7	22	5
613	14	30	7	22	5
614	14	30	7	22	5
615	14	30	7	22	5
616	14	31	7	22	5
617	14	31	7	22	5
618	14	31	7	22	5
619	14	34	7	22	5
620	14	34	7	22	5
621	14	34	7	22	5
622	14	43	7	22	5
623	14	43	7	22	5
624	14	43	7	22	5
625	14	44	7	22	5
626	14	44	7	22	5
627	14	44	7	22	5
628	14	49	7	22	5
629	14	49	7	22	5
630	14	49	7	22	5
631	14	49	7	22	5
632	14	49	7	22	5
633	14	49	7	22	5
634	14	58	7	22	5
635	14	58	7	22	5
636	14	58	7	22	5
637	14	58	7	22	5
638	14	58	7	22	5
639	16	30	7	22	5
640	16	30	7	22	5
641	16	30	7	22	5
642	16	30	7	22	5
643	16	30	7	22	5
644	16	49	7	22	5
645	16	49	7	22	5
646	16	49	7	22	5
647	16	49	7	22	5
648	16	49	7	22	5
649	16	55	7	22	5
650	16	55	7	22	5
651	16	55	7	22	5
652	16	55	7	22	5
653	16	55	7	22	5
654	17	27	7	22	5
655	17	27	7	22	5
656	17	27	7	22	5
657	17	27	7	22	5
658	17	27	7	22	5
659	17	38	7	22	5
660	17	39	7	22	5
661	17	39	7	22	5
662	20	54	7	22	5
663	20	54	7	22	5
664	20	54	7	22	5
665	20	54	7	22	5
666	20	54	7	22	5
667	21	54	7	22	5
668	21	54	7	22	5
669	21	54	7	22	5
670	12	13	7	23	6
671	12	13	7	23	6
672	12	13	7	23	6
673	12	13	7	23	6
674	12	13	7	23	6
675	14	32	7	23	6
676	14	32	7	23	6
677	14	32	7	23	6
678	14	32	7	23	6
679	14	32	7	23	6
680	14	32	7	23	6
681	14	32	7	23	6